[gd_scene load_steps=7 format=3 uid="uid://biicte2rtj84x"]

[ext_resource type="PackedScene" uid="uid://bbl2c3uys5gai" path="res://scenes/world/white_halls/white_hall_floor.tscn" id="1_dphjl"]
[ext_resource type="PackedScene" uid="uid://df4cptti61gjf" path="res://scenes/player/player.tscn" id="1_sl2e5"]
[ext_resource type="PackedScene" uid="uid://boq0v0dgcd6kk" path="res://scenes/items/resources/Gem.tscn" id="3_1fp7r"]

[sub_resource type="ProceduralSkyMaterial" id="ProceduralSkyMaterial_4rhad"]
sky_top_color = Color(0.0449246, 0.481718, 0.688232, 1)
sky_horizon_color = Color(0.441995, 0.585084, 0.659083, 1)
ground_bottom_color = Color(1.20327e-08, 0.135563, 0.225042, 1)
ground_horizon_color = Color(0.441995, 0.585084, 0.659083, 1)
energy_multiplier = 1.4

[sub_resource type="Sky" id="Sky_dphjl"]
sky_material = SubResource("ProceduralSkyMaterial_4rhad")

[sub_resource type="Environment" id="Environment_sl2e5"]
background_mode = 2
sky = SubResource("Sky_dphjl")
tonemap_mode = 2
glow_enabled = true

[node name="World" type="Node3D"]

[node name="WorldEnvironment" type="WorldEnvironment" parent="."]
environment = SubResource("Environment_sl2e5")

[node name="Player" parent="." instance=ExtResource("1_sl2e5")]
transform = Transform3D(1, 0, 0, 0, 1, 0, 0, 0, 1, -4.7993, 2.72609, 7.34618)

[node name="World" type="Node" parent="."]

[node name="WhiteHallFloor" parent="World" instance=ExtResource("1_dphjl")]

[node name="WhiteHallFloor3" parent="World" instance=ExtResource("1_dphjl")]
transform = Transform3D(1, 0, 0, 0, 1, 0, 0, 0, 1, 0, 0, 10)

[node name="Items" type="Node" parent="."]

[node name="Alpha" parent="Items" instance=ExtResource("3_1fp7r")]
transform = Transform3D(1, 0, 0, 0, 1, 0, 0, 0, 1, -3.89451, 1.27395, -0.000732422)

[node name="Sapphire" parent="Items" instance=ExtResource("3_1fp7r")]
transform = Transform3D(-0.247371, 0.968921, 0, -0.968921, -0.247371, 0, 0, 0, 1, -2.28879, 1.55638, -0.000732422)

[node name="Charlie" parent="Items" instance=ExtResource("3_1fp7r")]
transform = Transform3D(0.868043, -0.49649, 0.000139987, 0.49649, 0.868042, -0.000316639, 3.56761e-05, 0.00034436, 1, -3.60362, 2.14551, -0.000732422)

[node name="Poppy" parent="Items" instance=ExtResource("3_1fp7r")]
transform = Transform3D(1, 0, 0, 0, 1, 0, 0, 0, 1, -3.31814, 2.7364, 0.264298)

[node name="Delta" parent="Items" instance=ExtResource("3_1fp7r")]
transform = Transform3D(0.570037, 0.54426, -0.615499, -0.370348, 0.838917, 0.398826, 0.733417, 0.000602956, 0.679779, -4.04517, 3.11936, 0.264298)
